[64]
[78]
[87]
[93]
[90]
[89]
[87]
[77]
[68]
[255]
[42]
[29]
[28]
[34]
[42]
[51]
[67]
[77]
[79]
[64]
[78]
[87]
[93]
[90]
[89]
[87]
[77]
[68]
[255]
[42]
[29]
[28]
[34]
[42]
[51]
[67]
[77]
[79]
