[98]
[95]
[99]
[104]
[107]
[95]
[81]
[67]
[56]
[57]
[63]
[73]
[82]
[91]
[96]
[92]
[97]
[98]
[95]
[99]
[104]
[107]
[95]
[81]
[67]
[56]
[57]
[63]
[73]
[82]
[91]
[96]
[92]
[97]
