[84]
[109]
[136]
[131]
[114]
[84]
[61]
[50]
[58]
[88]
[103]
[102]
[78]
[44]
[29]
[17]
[12]
[14]
[28]
[57]
[83]
[116]
[132]
[140]
[84]
[109]
[136]
[131]
[114]
[84]
[61]
[50]
[58]
[88]
[103]
[102]
[78]
[44]
[29]
[17]
[12]
[14]
[28]
[57]
[83]
[116]
[132]
[140]
[84]
[109]
[136]
[131]
[114]
[84]
[61]
[50]
[58]
[88]
[103]
[102]
[78]
[44]
[29]
[17]
[12]
[14]
[28]
[57]
[83]
[116]
[132]
[140]
